COUNT: 1977
MEAN: 250.7840161861406
MEDIAN: 247
MODE: 230
SD: 144.17131868884059
VARIANCE: 20785.369132479238
ELAPSED TIME: 0.001582 seconds
