COUNT: 400
MEAN: 242.32
MEDIAN: 239.5
MODE: 393
SD: 145.25810683056557
VARIANCE: 21099.917599999997
ELAPSED TIME: 0.000312 seconds
