COUNT: 307
MEAN: 241.49511400651465
MEDIAN: 241
MODE: 393
SD: 145.46484786056646
VARIANCE: 21160.021963097748
ELAPSED TIME: 0.000305 seconds
