COUNT: 12624
MEAN: 149.00267347908746
MEDIAN: 147.75
MODE: 123.75
SD: 130.41441961308894
VARIANCE: 17007.920843018837
ELAPSED TIME: 0.012718 seconds
