COUNT: 12624
MEAN: 249.77621989860583
MEDIAN: 249
MODE: 94
SD: 145.31784980917962
VARIANCE: 21117.27747316329
ELAPSED TIME: 0.012615 seconds
